1.000000000 0.000000000 0.000000000 -0.000000000 0.000000000 1.000000000 0.000000000 -0.000000000 0.000000000 0.000000000 1.000000000 -0.000000000
0.999978408 0.000251093 -0.006566606 -0.008932875 -0.000250199 0.999999959 0.000137058 0.001291417 0.006566640 -0.000135412 0.999978430 0.095073527
0.999905576 0.000764904 -0.013720572 -0.018705629 -0.000765736 0.999999705 -0.000055329 0.001388777 0.013720525 0.000065830 0.999905867 0.194874194
0.999780653 0.001074164 -0.020916294 -0.035837346 -0.001092038 0.999999048 -0.000843178 0.003867969 0.020915368 0.000865834 0.999780875 0.288968680
0.999547007 0.001638855 -0.030051532 -0.054632623 -0.001702313 0.999996375 -0.002086172 0.000752629 0.030048004 0.002136384 0.999546174 0.391246581
0.999135051 0.001723543 -0.041547322 -0.074587429 -0.001865400 0.999992562 -0.003375815 -0.002126208 0.041541195 0.003450398 0.999130834 0.507026192
0.998471142 0.002040165 -0.055237807 -0.097170896 -0.002256402 0.999990033 -0.003852586 -0.009891138 0.055229397 0.003971335 0.998465794 0.635276591
0.997434207 0.002303691 -0.071552046 -0.125652402 -0.002587568 0.999989144 -0.003874975 -0.011258558 0.071542343 0.004050178 0.997429340 0.781974489
0.995909619 0.000531969 -0.090353461 -0.160752034 -0.000879697 0.999992360 -0.003808752 -0.013395309 0.090350744 0.003872656 0.995902478 0.932563711
0.993931488 -0.000152082 -0.110000794 -0.207749689 -0.000271471 0.999992608 -0.003835464 -0.016170009 0.110000564 0.003842051 0.993924099 1.095541867
0.991180777 -0.000301345 -0.132516329 -0.252790388 -0.000254050 0.999991256 -0.004174213 -0.018088979 0.132516428 0.004171066 0.991172033 1.275571081
0.987721419 0.003081118 -0.156195087 -0.323234584 -0.003996920 0.999976614 -0.005549458 -0.022383281 0.156174336 0.006105618 0.987710635 1.453639152
0.983373651 0.007333833 -0.181445523 -0.396935957 -0.008763044 0.999936565 -0.007076386 -0.025669603 0.181382116 0.008548746 0.983375537 1.633399374
0.977977034 0.010484456 -0.208449029 -0.470401627 -0.012351343 0.999894406 -0.007656458 -0.035850216 0.208346744 0.010062466 0.978003262 1.812084372
0.971339176 0.011378802 -0.237425205 -0.558977360 -0.013580621 0.999878590 -0.007640172 -0.039970442 0.237309443 0.010645580 0.971375777 2.004023251
0.963324618 0.013326635 -0.268007616 -0.650042354 -0.015858825 0.999847697 -0.007285581 -0.042249459 0.267869705 0.011268666 0.963389245 2.189190893
0.953775695 0.014927018 -0.300148475 -0.747109012 -0.017615969 0.999825264 -0.006254483 -0.044331385 0.300002668 0.011252780 0.953871990 2.383120592
0.942415054 0.016911048 -0.334017787 -0.841426830 -0.019904032 0.999786547 -0.005539887 -0.039984043 0.333852804 0.011869173 0.942550491 2.563506084
0.929863288 0.019375946 -0.367394664 -0.955270422 -0.022768965 0.999728731 -0.004902995 -0.043618673 0.367200001 0.012924311 0.930052214 2.753396267
0.916005231 0.021284203 -0.400601298 -1.082274747 -0.025281059 0.999669363 -0.004693986 -0.038635284 0.400368937 0.014427340 0.916240452 2.941362193
0.899999204 0.022244392 -0.435323580 -1.219062617 -0.026637784 0.999637182 -0.003991657 -0.037791940 0.435076845 0.015188544 0.900265209 3.128406994
0.881387240 0.018012272 -0.472050942 -1.354728096 -0.022765239 0.999731336 -0.004358764 -0.039676177 0.471845608 0.014588111 0.881560497 3.318368053
0.859948819 0.013386077 -0.510204706 -1.502490710 -0.018350150 0.999820588 -0.004697163 -0.036801683 0.510050293 0.013401652 0.860040170 3.520532422
0.834746941 0.014371591 -0.550446185 -1.670593678 -0.018287594 0.999831442 -0.001628397 -0.039432997 0.550330000 0.011425636 0.834869059 3.701249420
0.805546245 0.019589179 -0.592209009 -1.865435475 -0.022893713 0.999736045 0.001928480 -0.037605050 0.592090470 0.012004383 0.805782086 3.882792851
0.772531939 0.021998677 -0.634594723 -2.068884724 -0.025708460 0.999663845 0.003357537 -0.035013918 0.634455262 0.013720649 0.772837800 4.053325750
0.736348755 0.021440273 -0.676262394 -2.287806412 -0.025291918 0.999671475 0.004154536 -0.038876047 0.676129299 0.014044786 0.736649112 4.217242453
0.696088033 0.016940036 -0.717756564 -2.517129758 -0.019271753 0.999802242 0.004906746 -0.034903523 0.717697743 0.010416900 0.696276840 4.385098017
0.653212965 0.013160388 -0.757059857 -2.773270995 -0.014226128 0.999885762 0.005106854 -0.031011928 0.757040580 0.007434167 0.653325565 4.549347739
0.608030657 0.012619097 -0.793813252 -3.046374449 -0.011779802 0.999906999 0.006872450 -0.027502007 0.793826150 0.005172302 0.608122760 4.700566306
0.559445423 0.013192380 -0.828762198 -3.332605193 -0.009052883 0.999910943 0.009805722 -0.028515899 0.828817751 0.002016921 0.559515029 4.839612575
0.507864169 0.013772940 -0.861327053 -3.633128778 -0.007713797 0.999904801 0.011440564 -0.024975404 0.861402626 0.000833849 0.507922062 4.963248518
0.454429210 0.015106089 -0.890654759 -3.959797652 -0.006667822 0.999885872 0.013556670 -0.021520355 0.890757898 -0.000221819 0.454478072 5.078290488
0.399267338 0.017055801 -0.916675893 -4.303321128 -0.005784837 0.999853913 0.016083779 -0.014317918 0.916816300 -0.001118907 0.399307676 5.174502788
0.343414580 0.018786032 -0.938996012 -4.670723324 -0.005816672 0.999823298 0.017875670 -0.003539073 0.939165903 -0.000676934 0.343463170 5.256290870
0.288093833 0.021823541 -0.957353475 -5.034471803 -0.003684760 0.999758142 0.021681339 -0.000760819 0.957595095 -0.002718642 0.288104569 5.312092552
0.234160252 0.023673596 -0.971909737 -5.416599968 0.000999710 0.999697089 0.024591294 -0.002135406 0.972197499 -0.006729931 0.234065655 5.359693971
0.183552212 0.023919120 -0.982718913 -5.793729348 0.001301121 0.999697133 0.024575388 0.002958433 0.983009101 -0.005789503 0.183465498 5.375228702
0.136101261 0.024800080 -0.990384472 -6.210848883 -0.001180464 0.999689975 0.024870875 0.009559187 0.990694228 -0.002215844 0.136088342 5.379992889
0.093948730 0.025003636 -0.995263008 -6.658167759 -0.003000375 0.999687147 0.024831559 0.019184138 0.995572516 0.000653269 0.093994358 5.369239392
0.056289085 0.023400148 -0.998140257 -7.102222062 -0.004187609 0.999722048 0.023201075 0.025995035 0.998405731 0.002873853 0.056371430 5.345234970
0.022019577 0.020950515 -0.999538000 -7.527174416 -0.003413150 0.999776156 0.020880316 0.020621111 0.999751713 0.002951798 0.022086155 5.320743440
-0.009341543 0.018551183 -0.999784271 -8.009326584 -0.002810444 0.999823461 0.018578170 0.024975901 0.999952417 0.002983387 -0.009287757 5.285882924
-0.035816506 0.016814994 -0.999216910 -8.497918893 -0.003207837 0.999851351 0.016940654 0.025862593 0.999353235 0.003812080 -0.035757242 5.233045678
-0.056514933 0.014293754 -0.998299430 -9.008361098 -0.003655509 0.999887847 0.014523440 0.037174649 0.998395062 0.004470084 -0.056456343 5.172335405
-0.072663825 0.013547062 -0.997264481 -9.497238738 -0.005001309 0.999890226 0.013947141 0.038277091 0.997343950 0.006001081 -0.072588096 5.111832944
-0.085480563 0.013784922 -0.996244473 -10.027653156 -0.003980129 0.999891581 0.014176892 0.047970945 0.996331888 0.005177030 -0.085416430 5.043897963
-0.095032808 0.014910736 -0.995362464 -10.595361438 -0.004982248 0.999868168 0.015453916 0.050991567 0.995461673 0.006427771 -0.094945991 4.963487767
-0.101580239 0.016043687 -0.994697972 -11.169048506 -0.007025830 0.999833445 0.016844007 0.052909480 0.994802540 0.008699597 -0.101450600 4.876842199
-0.105707007 0.017049820 -0.994251141 -11.759721715 -0.006794234 0.999817277 0.017867621 0.060523661 0.994374108 0.008643907 -0.105571852 4.786966431
-0.106816862 0.017584899 -0.994123196 -12.333860385 -0.004666258 0.999823712 0.018187116 0.071085367 0.994267763 0.006581526 -0.106715976 4.707109247
-0.106065549 0.020442450 -0.994148986 -12.959999819 -0.002138286 0.999781653 0.020786407 0.073703697 0.994356841 0.004330496 -0.105998678 4.625465104
-0.104524651 0.022898765 -0.994258640 -13.590517726 -0.002949841 0.999723356 0.023334734 0.078291377 0.994517921 0.005371960 -0.104428187 4.544917542
-0.102664344 0.022690858 -0.994457217 -14.223745014 -0.004850558 0.999716480 0.023311615 0.086977784 0.994704230 0.007216945 -0.102525174 4.464130441
-0.100707605 0.020389364 -0.994707119 -14.877420715 -0.006749720 0.999752975 0.021176158 0.089322776 0.994893170 0.008846595 -0.100545105 4.374511295
-0.099439292 0.020297509 -0.994836589 -15.550341785 -0.007252278 0.999750587 0.021122673 0.097744806 0.995017202 0.009315255 -0.099267288 4.292037805
-0.097644571 0.022903126 -0.994957780 -16.248312772 -0.006822607 0.999696267 0.023681768 0.111168742 0.995197965 0.009100602 -0.097458654 4.202778321
-0.095788133 0.026298457 -0.995054282 -16.955930412 -0.007750785 0.999600921 0.027164745 0.122712472 0.995371568 0.010314512 -0.095546072 4.117469528
-0.093671509 0.028648962 -0.995190879 -17.684514536 -0.008274931 0.999528970 0.029552716 0.126116347 0.995568769 0.011003383 -0.093390319 4.022817827
-0.091952633 0.028147201 -0.995365485 -18.412587836 -0.009906006 0.999525088 0.029179952 0.134442132 0.995714108 0.012543270 -0.091630137 3.935258982
-0.090203092 0.024900748 -0.995612050 -19.162132981 -0.012776613 0.999576183 0.026157463 0.148248169 0.995841433 0.015080034 -0.089846715 3.843133503
-0.088416441 0.024170999 -0.995790287 -19.920780915 -0.013642882 0.999582376 0.025474399 0.161190745 0.995990163 0.015837805 -0.088049754 3.752895161
-0.086792575 0.026757208 -0.995867010 -20.710346150 -0.011036505 0.999552075 0.027818082 0.169128321 0.996165270 0.013405295 -0.086458392 3.669086458
-0.085523587 0.028815892 -0.995919354 -21.498059256 -0.008747871 0.999521429 0.029671329 0.182113497 0.996297742 0.011249773 -0.085230580 3.585855996
-0.083865854 0.030091944 -0.996022587 -22.308751522 -0.007204366 0.999499492 0.030803602 0.202434708 0.996451010 0.009759082 -0.083607085 3.488280405
-0.082947553 0.025421239 -0.996229624 -23.106993831 -0.007319603 0.999632082 0.026117502 0.209214797 0.996527033 0.009458388 -0.082730962 3.395705305
-0.082499076 0.018645566 -0.996416703 -23.915601297 -0.005202948 0.999803281 0.019139720 0.211807301 0.996577559 0.006763313 -0.082385835 3.306349240
-0.082350700 0.014046187 -0.996504424 -24.721912924 -0.001920224 0.999896581 0.014252688 0.219954310 0.996601563 0.003087231 -0.082315212 3.222598026
-0.083127790 0.014675931 -0.996430824 -25.530247063 -0.000965882 0.999889897 0.014807457 0.227810096 0.996538428 0.002193346 -0.083104462 3.150034531
-0.082630528 0.022296165 -0.996330807 -26.369522591 -0.001321459 0.999746370 0.022482195 0.229645644 0.996579374 0.003174326 -0.082580107 3.048346387
-0.082908386 0.029295310 -0.996126490 -27.196756523 -0.002681081 0.999557655 0.029619367 0.239210512 0.996553567 0.005126390 -0.082793169 2.962593972
-0.082935471 0.034803068 -0.995947014 -28.029761906 -0.004215845 0.999368797 0.035273707 0.246762068 0.996546002 0.007124200 -0.082736397 2.865951510
-0.082632847 0.035153968 -0.995959844 -28.871190842 -0.006122836 0.999340887 0.035781307 0.255952552 0.996561249 0.009054810 -0.082363141 2.761600715
-0.082802640 0.031617818 -0.996064273 -29.680712447 -0.005863906 0.999463819 0.032213194 0.269685769 0.996548713 0.008508165 -0.082572838 2.677283935
-0.082757590 0.028675150 -0.996157075 -30.511830963 -0.006223375 0.999551586 0.029289882 0.284922644 0.996550275 0.008623419 -0.082542024 2.581573006
-0.082827482 0.030039348 -0.996111061 -31.347056648 -0.007352593 0.999499974 0.030752920 0.296717277 0.996536777 0.009871186 -0.082565199 2.487259585
-0.082912066 0.032691332 -0.996020515 -32.159439826 -0.008015935 0.999407584 0.033469775 0.302963650 0.996524628 0.010759084 -0.082600896 2.408686445
-0.082445517 0.031247747 -0.996105574 -32.980123426 -0.009030385 0.999443870 0.032099895 0.309580574 0.996554659 0.011641710 -0.082117487 2.313101687
-0.081978975 0.026170604 -0.996290393 -33.790603511 -0.010066082 0.999582441 0.027085359 0.317524796 0.996583224 0.012249171 -0.081681309 2.224575349
-0.081453202 0.022179728 -0.996430347 -34.615546873 -0.011767516 0.999661270 0.023213581 0.320793558 0.996607697 0.013616331 -0.081164611 2.126542074
-0.080897590 0.023011607 -0.996456746 -35.433498520 -0.011046736 0.999651351 0.023982214 0.328888796 0.996661201 0.012947698 -0.080615182 2.044010340
-0.079856987 0.025168530 -0.996488538 -36.258503298 -0.010193541 0.999608297 0.026064220 0.337067675 0.996754209 0.012239156 -0.079569150 1.950126663
-0.078650002 0.030412760 -0.996438278 -37.107039755 -0.009860526 0.999461916 0.031283349 0.343362381 0.996853523 0.012285841 -0.078307796 1.842140236
-0.077628688 0.035929287 -0.996334719 -37.946255983 -0.008879084 0.999285871 0.036727517 0.359029874 0.996942801 0.011697649 -0.077254232 1.746651437
-0.077909625 0.039260328 -0.996187089 -38.783238073 -0.008989141 0.999156024 0.040080357 0.369683940 0.996919899 0.012077512 -0.077490954 1.658428981
-0.077443808 0.039093525 -0.996229970 -39.594212242 -0.008873799 0.999164334 0.039898495 0.386848594 0.996957227 0.011930236 -0.077032183 1.579631416
-0.077179438 0.034579906 -0.996417365 -40.409323789 -0.008853804 0.999335173 0.035366955 0.406782925 0.996977906 0.011551686 -0.076821963 1.493636982
-0.076776425 0.030174021 -0.996591646 -41.226859620 -0.009528252 0.999474112 0.030995341 0.419078144 0.997002805 0.011875488 -0.076448543 1.409014354
-0.076601852 0.027661322 -0.996677986 -42.053457883 -0.013652883 0.999492274 0.028788750 0.428968930 0.996968282 0.015812800 -0.076185302 1.314980747
-0.077082958 0.025900579 -0.996688205 -42.884607616 -0.017031719 0.999482443 0.027290409 0.438802414 0.996879199 0.019078939 -0.076601932 1.223336357
-0.077302676 0.024112027 -0.996716061 -43.697058488 -0.015221514 0.999562456 0.025361426 0.436939558 0.996891469 0.017132034 -0.076901832 1.136058916
-0.078332716 0.020509758 -0.996716276 -44.519184142 -0.012045050 0.999695906 0.021517701 0.441091208 0.996854504 0.013691037 -0.078061854 1.051751432
-0.078699663 0.018958590 -0.996718082 -45.337646805 -0.007816199 0.999776683 0.019633925 0.448004283 0.996867729 0.009335730 -0.078533904 0.962378370
-0.080721509 0.022214177 -0.996489121 -46.157110780 -0.007089444 0.999713531 0.022860344 0.455726560 0.996711482 0.008909876 -0.080540899 0.875295883
-0.082007124 0.028564042 -0.996222328 -46.982066844 -0.004710531 0.999566927 0.029047702 0.456902601 0.996620611 0.007074854 -0.081837057 0.776800139
-0.083560997 0.031995629 -0.995988875 -47.799210290 -0.002988600 0.999471866 0.032358254 0.467042321 0.996498183 0.005680500 -0.083421243 0.683696408
-0.084717941 0.030946047 -0.995924301 -48.596671494 -0.002957627 0.999505380 0.031308911 0.475374511 0.996400584 0.005597999 -0.084584511 0.589790778
-0.085190979 0.026629974 -0.996008706 -49.385034492 -0.006718675 0.999604685 0.027300783 0.483761383 0.996341988 0.009017639 -0.084978383 0.486186237
-0.086129232 0.022843105 -0.996022062 -50.178404599 -0.011447286 0.999648427 0.023916157 0.492867721 0.996218207 0.013461630 -0.085837460 0.378254899
-0.087155868 0.021399072 -0.995964826 -50.967626957 -0.015397832 0.999620890 0.022825074 0.498294179 0.996075681 0.017325039 -0.086793327 0.272834218
-0.087747141 0.022574309 -0.995886961 -51.766696876 -0.017291549 0.999558041 0.024181074 0.501744897 0.995992692 0.019342248 -0.087318016 0.169406754
-0.088733708 0.023912709 -0.995768302 -52.519973381 -0.017493088 0.999520182 0.025561631 0.504426108 0.995901763 0.019687241 -0.088272824 0.087993350
-0.089236623 0.023456238 -0.995734217 -53.293232460 -0.019022643 0.999500170 0.025249740 0.506528510 0.995828783 0.021194698 -0.088745820 -0.011185129
-0.089557326 0.023289729 -0.995709332 -54.058054785 -0.019955581 0.999483917 0.025172886 0.511276769 0.995781733 0.022124374 -0.089046347 -0.105445242
-0.090089894 0.025178369 -0.995615318 -54.820460498 -0.020142898 0.999429832 0.027097499 0.506617814 0.995729921 0.022495788 -0.089531362 -0.185587272
-0.090063082 0.028201905 -0.995536686 -55.582787728 -0.019468099 0.999358147 0.030071378 0.509127323 0.995745768 0.022089527 -0.089456237 -0.280327241
-0.090121369 0.032593264 -0.995397317 -56.332226064 -0.019075381 0.999224514 0.034445630 0.513277008 0.995748095 0.022091871 -0.089429752 -0.365567065
-0.090458344 0.034959085 -0.995286467 -57.087391604 -0.019294370 0.999134607 0.036847852 0.517713560 0.995713320 0.022536621 -0.089705548 -0.456509969
-0.090995539 0.034812228 -0.995242644 -57.853033300 -0.018989339 0.999146444 0.036684983 0.527070341 0.995670235 0.022237170 -0.090256808 -0.549593338
-0.091106432 0.032909019 -0.995297249 -58.592591779 -0.017894613 0.999238342 0.034677347 0.535192119 0.995680371 0.020969788 -0.090448146 -0.639196134
-0.091020226 0.029299765 -0.995417923 -59.323129961 -0.017519466 0.999365277 0.031017920 0.546340528 0.995694927 0.020262449 -0.090449137 -0.730107917
-0.090492988 0.026626250 -0.995541090 -60.052137426 -0.017852304 0.999438537 0.028353233 0.553236530 0.995737071 0.020338471 -0.089966840 -0.824923778
-0.089121803 0.024258771 -0.995725271 -60.760608856 -0.018321571 0.999494280 0.025990457 0.559509843 0.995852210 0.020559567 -0.088632273 -0.912276392
-0.086694952 0.023308563 -0.995962196 -61.463033411 -0.020619225 0.999470129 0.025185489 0.566064784 0.996021502 0.022719423 -0.086168410 -0.999328754
-0.082490150 0.024288206 -0.996295869 -62.144768889 -0.020682888 0.999445938 0.026077478 0.565808878 0.996377234 0.022757411 -0.081942095 -1.074121258
-0.076158754 0.025783515 -0.996762286 -62.808936441 -0.019918107 0.999426794 0.027374304 0.569750959 0.996896742 0.021938410 -0.075601540 -1.148065678
-0.068881934 0.027291550 -0.997251448 -63.450604282 -0.018751262 0.999413729 0.028645908 0.573726083 0.997448580 0.020672908 -0.068329800 -1.206195682
-0.059996122 0.028476523 -0.997792340 -64.082694857 -0.019726666 0.999363959 0.029707518 0.579116533 0.998003669 0.021465452 -0.059396216 -1.260932439
-0.048148788 0.030113267 -0.998386140 -64.699820633 -0.022290395 0.999264118 0.031214739 0.584017857 0.998591424 0.023757373 -0.047442119 -1.303613228
-0.033105205 0.031858645 -0.998943978 -65.310513806 -0.024985147 0.999153086 0.032693326 0.589279591 0.999139524 0.026041081 -0.032281175 -1.343150289
-0.014301172 0.032869949 -0.999357315 -65.893717715 -0.026415437 0.999098275 0.033239444 0.600119478 0.999548749 0.026873823 -0.013420002 -1.365582308
0.007909224 0.033852265 -0.999395551 -66.456090067 -0.027318258 0.999061104 0.033624739 0.604041451 0.999595497 0.027035800 0.008826583 -1.364438626
0.033827299 0.033990307 -0.998849525 -66.994120227 -0.026241077 0.999107156 0.033110387 0.613022413 0.999083140 0.025090852 0.034689039 -1.347564504
0.063395080 0.033597826 -0.997422804 -67.512000862 -0.024863160 0.999176118 0.032076611 0.619395838 0.997678749 0.022765583 0.064178198 -1.309159980
0.097657389 0.033478698 -0.994656831 -68.013486373 -0.023610226 0.999230682 0.031314548 0.623211863 0.994939994 0.020425975 0.098372699 -1.252784148
0.135224110 0.033718227 -0.990241143 -68.493992396 -0.022980024 0.999258675 0.030887202 0.629042529 0.990548514 0.018579071 0.135898710 -1.170387275
0.176035319 0.033736472 -0.983805579 -68.947337725 -0.022406036 0.999290951 0.030258313 0.628180952 0.984128821 0.016716651 0.176666402 -1.066585965
0.221143119 0.034572200 -0.974628383 -69.402377950 -0.020977011 0.999308867 0.030687988 0.631525840 0.975015736 0.013658353 0.221715501 -0.942754363
0.270104070 0.032783003 -0.962272865 -69.838622009 -0.018272548 0.999414721 0.028919371 0.640464361 0.962657730 0.009771937 0.270545012 -0.807174000
0.320430815 0.027919415 -0.946860391 -70.244411974 -0.010418297 0.999608976 0.025949078 0.639375946 0.947214628 0.001549789 0.320596391 -0.636839947
0.372313453 0.022680701 -0.927829876 -70.648913306 -0.005144690 0.999736433 0.022374022 0.639375102 0.928092789 -0.003556753 0.372332009 -0.456145379
0.425330948 0.018141070 -0.904856058 -71.039508324 0.000368249 0.999795536 0.020217567 0.636867511 0.905037816 -0.008932369 0.425237303 -0.256420554
0.477032162 0.017622221 -0.878709152 -71.416035253 0.000005645 0.999798904 0.020053700 0.644267077 0.878885838 -0.009571220 0.476936133 -0.041316692
0.525460541 0.016259337 -0.850662597 -71.780486827 0.001940563 0.999791879 0.020308455 0.647629358 0.850815758 -0.012322056 0.525319629 0.199719553
0.570694104 0.011910120 -0.821076360 -72.121287531 0.009887974 0.999722648 0.021374169 0.644258844 0.821103201 -0.020316894 0.570418054 0.466380494
0.614682676 0.005655361 -0.788754223 -72.437507132 0.020183248 0.999534105 0.022895623 0.638088394 0.788516229 -0.029993165 0.614282155 0.750270674
0.656856802 0.000600530 -0.754015106 -72.741788870 0.021922214 0.999561736 0.019893530 0.636256263 0.753696595 -0.029596881 0.656555761 1.045267611
0.697848744 -0.003567961 -0.716236274 -73.034963043 0.018934474 0.999730010 0.013468182 0.631821836 0.715994843 -0.022960311 0.697727890 1.349798022
0.738255553 -0.009752269 -0.674450615 -73.316228892 0.015407234 0.999878404 0.002406985 0.630634466 0.674345131 -0.012168389 0.738316040 1.666933142
0.776690847 -0.012103425 -0.629765699 -73.575962331 0.010960819 0.999923685 -0.005699475 0.630029529 0.629786622 -0.002476018 0.776764237 2.015451113
0.812914310 -0.013106585 -0.582235813 -73.817048935 0.009916421 0.999913300 -0.008663583 0.624967727 0.582298883 0.001269055 0.812973800 2.390000602
0.845972897 -0.014378635 -0.533032000 -74.044230635 0.010539060 0.999891970 -0.010245769 0.617832583 0.533121737 0.003049986 0.846033044 2.794356903
0.875751590 -0.013561688 -0.482571479 -74.274736071 0.008420815 0.999882389 -0.012817894 0.618767691 0.482688556 0.007161646 0.875762793 3.233148738
0.900890622 -0.011660432 -0.433889526 -74.479730723 0.007585491 0.999909378 -0.011121903 0.603117807 0.433979892 0.006728353 0.900897432 3.692160396
0.921333746 -0.005473074 -0.388734065 -74.676233843 0.001688416 0.999947802 -0.010076795 0.593808585 0.388768925 0.008627746 0.921294896 4.171318959
0.938045796 -0.001184550 -0.346509282 -74.857511915 -0.003014894 0.999928405 -0.011579988 0.582950358 0.346498190 0.011907248 0.937975064 4.667338535
0.950892835 0.003675783 -0.309498473 -75.033289814 -0.007209681 0.999921218 -0.010275140 0.577468653 0.309436321 0.012001942 0.950844423 5.197623430
0.960409660 0.004302979 -0.278558376 -75.203243013 -0.006940982 0.999939915 -0.008484634 0.568923739 0.278505130 0.010082193 0.960381821 5.759627770
0.967227814 0.004055469 -0.253877743 -75.349477955 -0.005966977 0.999959350 -0.006759639 0.550327108 0.253840009 0.008052993 0.967212696 6.336630603
0.972301731 0.003379505 -0.233704779 -75.435638278 -0.004614894 0.999978120 -0.004739479 0.540675206 0.233683649 0.005686726 0.972296052 6.870037108
0.976690477 0.006792232 -0.214545047 -75.594759390 -0.007248360 0.999972833 -0.001339378 0.520899548 0.214530121 0.002863258 0.976713176 7.484359284
0.979887850 0.011430235 -0.199221363 -75.728083350 -0.011609201 0.999932575 0.000269794 0.513613146 0.199211014 0.002048433 0.979954476 8.096445466
0.982513311 0.015299463 -0.185562710 -75.870340183 -0.015290937 0.999881996 0.001477177 0.504746311 0.185563412 0.001386082 0.982631314 8.735360762
0.985009864 0.014087898 -0.171921780 -75.998797827 -0.014089913 0.999900002 0.001208606 0.496346864 0.171921615 0.001231874 0.985109862 9.385525073
0.987406462 0.014186662 -0.157566550 -76.129052844 -0.014238883 0.999898304 0.000797464 0.488609726 0.157561839 0.001456151 0.987508049 10.060185813
0.989619699 0.016092737 -0.142807127 -76.225571623 -0.016040503 0.999870192 0.001517082 0.473287277 0.142813004 0.000789364 0.989749374 10.719989655
0.991559654 0.016921671 -0.128542248 -76.329267934 -0.016781416 0.999856818 0.002174172 0.466651043 0.128560634 0.000001300 0.991701650 11.421596313
0.993162569 0.017247969 -0.115458299 -76.427337813 -0.017421755 0.999848107 -0.000496159 0.454358712 0.115432204 0.002504253 0.993312204 12.130970736
0.994407539 0.018214424 -0.104028266 -76.519256055 -0.018919642 0.999804206 -0.005796278 0.442542393 0.103902322 0.007732040 0.994557451 12.840766210
0.995462564 0.016710173 -0.093675253 -76.611780518 -0.017863116 0.999774501 -0.011482842 0.426579916 0.093462249 0.013104071 0.995536585 13.573968735
0.996229140 0.017081987 -0.085062955 -76.697464229 -0.018136837 0.999767716 -0.011643445 0.415215526 0.084844303 0.013142312 0.996307545 14.322953695
0.996787670 0.018919295 -0.077822884 -76.788114209 -0.019381849 0.999798670 -0.005192588 0.395444584 0.077708976 0.006684259 0.996953678 15.097315822
0.997124934 0.023258827 -0.072117217 -76.874374772 -0.023078861 0.999728109 0.003327845 0.373842378 0.072175010 -0.001653894 0.997390612 15.863798220
0.997357438 0.023369877 -0.068789457 -76.910585264 -0.022899952 0.999708781 0.007612127 0.352137108 0.068947318 -0.006016737 0.997602158 16.586563544
0.997650232 0.022474653 -0.064721749 -76.986902617 -0.022103506 0.999734914 0.006444932 0.343072555 0.064849440 -0.004999210 0.997882537 17.344432959
0.997855116 0.021881469 -0.061695772 -77.049347193 -0.021564453 0.999750638 0.005799621 0.332463063 0.061807292 -0.004456746 0.998078151 18.098621879
0.998090917 0.020598268 -0.058225702 -77.121556055 -0.020173709 0.999765514 0.007870114 0.325158580 0.058374160 -0.006680461 0.998272422 18.864668721
0.998296848 0.018941631 -0.055178049 -77.185942913 -0.018393767 0.999776521 0.010420063 0.314014921 0.055363091 -0.009387384 0.998422158 19.625552914
0.998531741 0.017403088 -0.051298104 -77.255720514 -0.016817915 0.999788736 0.011816986 0.306587321 0.051492918 -0.010936908 0.998613470 20.394402333
0.998658651 0.016670945 -0.049020188 -77.300105423 -0.016278330 0.999832234 0.008397633 0.295328428 0.049151960 -0.007588402 0.998762485 21.135604252
0.998691565 0.019044784 -0.047460018 -77.346363048 -0.019011887 0.999818603 0.001144496 0.291261634 0.047473206 -0.000240694 0.998872483 21.864081684
0.998758734 0.020298503 -0.045485834 -77.408949757 -0.020589179 0.999770428 -0.005931066 0.272720092 0.045354999 0.006860220 0.998947377 22.614960583
0.998800504 0.021379822 -0.044050605 -77.462819384 -0.021844769 0.999710350 -0.010100580 0.259478125 0.043821897 0.011050740 0.998978239 23.361637727
0.998876808 0.022757563 -0.041559780 -77.524586704 -0.023122791 0.999697941 -0.008328499 0.241015135 0.041357690 0.009280122 0.999101307 24.121820571
0.998920607 0.025561868 -0.038784175 -77.583543412 -0.025752462 0.999658568 -0.004422543 0.223539350 0.038657884 0.005416558 0.999237824 24.866971702
0.998930092 0.028539856 -0.036388847 -77.633692114 -0.028540121 0.999592517 0.000512272 0.211017468 0.036388639 0.000526818 0.999337575 25.606760287
0.999100166 0.025884492 -0.033598391 -77.687767714 -0.025827927 0.999664163 0.002116567 0.201343649 0.033641893 -0.001246885 0.999433173 26.367327791
0.999216936 0.023163874 -0.032077256 -77.733787229 -0.023120068 0.999731188 0.001735916 0.190954225 0.032108844 -0.000992928 0.999483885 27.108276197
0.999297648 0.020857862 -0.031131324 -77.769695793 -0.020791337 0.999780812 0.002459121 0.172670258 0.031175793 -0.001810132 0.999512278 27.848631033
0.999351851 0.019666073 -0.030151659 -77.811910534 -0.019654347 0.999806600 0.000685254 0.158466938 0.030159304 -0.000092199 0.999545100 28.576939658
0.999408779 0.017265921 -0.029731818 -77.846063167 -0.017299090 0.999849991 -0.000858716 0.154656856 0.029712532 0.001372541 0.999557543 29.319844901
0.999453560 0.016181719 -0.028822448 -77.888385198 -0.016211972 0.999868244 -0.000816232 0.142071764 0.028805442 0.001283055 0.999584214 30.079595280
0.999425537 0.019286615 -0.027867938 -77.936585925 -0.019286703 0.999813959 0.000265652 0.130598532 0.027867877 0.000271982 0.999611578 30.857488247
0.999430528 0.019603687 -0.027464812 -77.988262508 -0.019634494 0.999806861 -0.000852426 0.124026441 0.027442797 0.001391199 0.999622407 31.647480255
0.999416415 0.018472777 -0.028733014 -78.036098328 -0.018506475 0.999828329 -0.000907283 0.114546828 0.028711322 0.001438500 0.999586710 32.423027117
0.999385093 0.017242492 -0.030530839 -78.079366968 -0.017265683 0.999850814 -0.000496114 0.102672528 0.030517730 0.001022945 0.999533702 33.217282246
0.999279358 0.018707441 -0.033027200 -78.142864407 -0.018744562 0.999823973 -0.000814655 0.095943573 0.033006146 0.001433148 0.999454121 34.022830597
0.999125344 0.021812537 -0.035675764 -78.200748893 -0.021874425 0.999759821 -0.001345304 0.084812466 0.035637851 0.002124514 0.999362512 34.815944911
0.999029248 0.023026580 -0.037554477 -78.266072563 -0.023275486 0.999709838 -0.006204121 0.067779113 0.037400721 0.007072197 0.999275322 35.606730648
0.998918552 0.023123911 -0.040336225 -78.310179506 -0.023531801 0.999676350 -0.009666891 0.054721933 0.040099634 0.010605621 0.999139400 36.384718359
0.998899511 0.022417892 -0.041197152 -78.379738961 -0.022894074 0.999676014 -0.011123361 0.041303106 0.040934442 0.012054291 0.999089118 37.191757718
0.998813512 0.022757793 -0.043054052 -78.443077620 -0.023205022 0.999681545 -0.009916470 0.022753192 0.042814664 0.010903774 0.999023529 38.013562369
0.998753818 0.021694218 -0.044946324 -78.501083734 -0.022118051 0.999715269 -0.008953955 -0.001159417 0.044739277 0.009936922 0.998949275 38.825719371
0.998714765 0.020796958 -0.046220175 -78.572113866 -0.021169209 0.999747180 -0.007578980 -0.011801901 0.046050870 0.008547684 0.998902525 39.661799100
0.998672063 0.020433699 -0.047292439 -78.633401511 -0.020658986 0.999777420 -0.004279779 -0.024586454 0.047194461 0.005251110 0.998871918 40.496111444
0.998656060 0.020426076 -0.047632434 -78.706354394 -0.020429482 0.999791210 0.000415364 -0.039195922 0.047630973 0.000558300 0.998864845 41.342092156
0.998677231 0.020576311 -0.047121161 -78.762967288 -0.020469422 0.999786698 0.002749856 -0.055713463 0.047167692 -0.001781675 0.998885396 42.187947012
0.998732846 0.023688099 -0.044402434 -78.840214617 -0.023583527 0.999717729 0.002877548 -0.068600841 0.044458064 -0.001826736 0.999009581 43.049383506
0.998837424 0.022707308 -0.042522681 -78.896789550 -0.022663922 0.999742012 0.001502173 -0.070130452 0.042545821 -0.000536696 0.999094372 43.911561572
0.998974309 0.020165839 -0.040542196 -78.961870773 -0.020204953 0.999795705 -0.000555215 -0.084754175 0.040522717 0.001373799 0.999177673 44.795763655
0.999122978 0.016301038 -0.038568775 -79.017485803 -0.016401291 0.999862880 -0.002284335 -0.093046930 0.038526250 0.002914910 0.999253337 45.681990525
0.999219455 0.015095119 -0.036505047 -79.070125118 -0.015203316 0.999880810 -0.002688080 -0.105354054 0.036460119 0.003240980 0.999329853 46.564226220
0.999286165 0.013433165 -0.035308781 -79.117023275 -0.013464199 0.999909148 -0.000641308 -0.112606998 0.035296959 0.001116255 0.999376245 47.442601222
0.999358374 0.011487040 -0.033924729 -79.169835218 -0.011431942 0.999933001 0.001817644 -0.126821331 0.033943336 -0.001428652 0.999422738 48.314107636
0.999396984 0.011036416 -0.032922118 -79.218632112 -0.010986005 0.999938187 0.001711711 -0.133432829 0.032938974 -0.001348996 0.999456454 49.194736444
0.999430019 0.012617341 -0.031311965 -79.279685239 -0.012663721 0.999918988 -0.001283343 -0.155532162 0.031293236 0.001679138 0.999508836 50.068946598
0.999414494 0.015301326 -0.030602910 -79.334218416 -0.015521045 0.999855352 -0.006955064 -0.175310013 0.030492061 0.007425981 0.999507423 50.924475926
0.999430190 0.016748477 -0.029305006 -79.389508497 -0.017100909 0.999783931 -0.011817337 -0.200739516 0.029100752 0.012311746 0.999500659 51.789257776
0.999377276 0.021057501 -0.028313298 -79.446350950 -0.021564520 0.999610358 -0.017722949 -0.220225150 0.027929065 0.018322475 0.999441971 52.638478411
0.999434540 0.020477550 -0.026669635 -79.501949788 -0.020981451 0.999603966 -0.018753393 -0.244992919 0.026275049 0.019302356 0.999468379 53.491690357
0.999498840 0.017816643 -0.026165550 -79.537893515 -0.018156503 0.999753102 -0.012809209 -0.270327226 0.025930873 0.013277865 0.999575554 54.324451094
0.999513560 0.016516608 -0.026454580 -79.584128459 -0.016622865 0.999854603 -0.003801711 -0.297339153 0.026387942 0.004239613 0.999642787 55.179961557
0.999508593 0.015745142 -0.027104682 -79.633958148 -0.015635754 0.999868752 0.004242982 -0.321954625 0.027167931 -0.003817095 0.999623596 56.019938135
0.999489033 0.013432535 -0.029004138 -79.689248438 -0.013359913 0.999907117 0.002696189 -0.348130325 0.029037660 -0.002307318 0.999575655 56.865933548
0.999493316 0.008715346 -0.030612980 -79.732685290 -0.008752599 0.999961109 -0.001083104 -0.361563765 0.030602349 0.001350498 0.999530726 57.691708824
0.999426952 0.007579733 -0.032989617 -79.784451016 -0.007659129 0.999968067 -0.002281000 -0.385153671 0.032971274 0.002532365 0.999453092 58.518781392
0.999331060 0.009786673 -0.035237117 -79.841373867 -0.009955007 0.999939845 -0.004604895 -0.405498874 0.035189931 0.004952601 0.999368371 59.331424069
0.999188851 0.011281417 -0.038657069 -79.900832009 -0.011592277 0.999902175 -0.007826799 -0.429130103 0.038564990 0.008268574 0.999221883 60.153623255
0.999029515 0.011748652 -0.042449947 -79.960629315 -0.012257352 0.999855917 -0.011743172 -0.442821744 0.042305864 0.012252099 0.999029579 60.962695147
0.998887530 0.013729143 -0.045113337 -80.034716774 -0.014455100 0.999770596 -0.015805205 -0.468533480 0.044885996 0.016439740 0.998856838 61.755266776
0.998667908 0.019009711 -0.047969165 -80.105677659 -0.019786645 0.999679784 -0.015773977 -0.495019875 0.047653946 0.016702113 0.998724257 62.557801348
0.998421097 0.022026580 -0.051673416 -80.177921936 -0.022774982 0.999643433 -0.013939407 -0.518540382 0.051347954 0.015094259 0.998566748 63.361396563
0.998137845 0.025342682 -0.055485056 -80.246986967 -0.025843788 0.999631267 -0.008332423 -0.541406767 0.055253431 0.009750851 0.998424749 64.163815880
0.997933594 0.025250986 -0.059084091 -80.329912555 -0.025468308 0.999671342 -0.002927912 -0.560201889 0.058990740 0.004426633 0.998248715 64.956583451
0.997666149 0.024315637 -0.063804429 -80.402531449 -0.024320959 0.999703961 0.000693380 -0.576082249 0.063802400 0.000860023 0.997962181 65.731323249
0.997271658 0.023975164 -0.069817136 -80.483706048 -0.023944435 0.999712475 0.001277116 -0.587851677 0.069827681 0.000398100 0.997558989 66.509187430
0.996907456 0.022120292 -0.075407014 -80.572087071 -0.021806895 0.999749813 0.004977011 -0.606674935 0.075498241 -0.003317226 0.997140417 67.309135193
0.996418518 0.022804540 -0.081425369 -80.668197713 -0.022508639 0.999736294 0.004550189 -0.620545507 0.081507662 -0.002701118 0.996669055 68.085616050
0.995819703 0.026962106 -0.087270637 -80.766463954 -0.026737085 0.999635479 0.003746536 -0.632873990 0.087339839 -0.001397512 0.996177594 68.850470897
0.995265907 0.029576825 -0.092579618 -80.878976203 -0.029777146 0.999556256 -0.000782867 -0.637366715 0.092515381 0.003535917 0.995704977 69.624676894
0.994761034 0.027913321 -0.098342927 -80.982646592 -0.028433149 0.999588135 -0.003888065 -0.644639224 0.098193894 0.006663895 0.995144990 70.388560607
0.994196880 0.029363813 -0.103490730 -81.094229274 -0.030046650 0.999535766 -0.005044935 -0.662289396 0.103294547 0.008125208 0.994617624 71.158043479
0.993669703 0.031149109 -0.107936343 -81.211659228 -0.031338969 0.999508812 -0.000062765 -0.673942506 0.107881371 0.003444981 0.994157805 71.925946949
0.993039880 0.031807981 -0.113402157 -81.331130558 -0.031547523 0.999493880 0.004091053 -0.686591121 0.113474890 -0.000485021 0.993540746 72.678521251
0.992344377 0.031561578 -0.119400606 -81.451873118 -0.030898788 0.999495135 0.007398671 -0.718641045 0.119573839 -0.003652695 0.992818591 73.439238304
0.991541303 0.029245911 -0.126453634 -81.571938407 -0.029033333 0.999572231 0.003524234 -0.727804251 0.126502610 0.000176947 0.991966259 74.193896483
0.990491972 0.027221106 -0.134850529 -81.696841445 -0.027990877 0.999600897 -0.003815313 -0.732576431 0.134692853 0.007553621 0.990858607 74.929196907
0.989315626 0.024069081 -0.143788983 -81.832416418 -0.025175341 0.999665765 -0.005878903 -0.740294661 0.143599424 0.009436027 0.989590909 75.672246448
0.987835528 0.023758312 -0.153676646 -81.984998297 -0.024503416 0.999695376 -0.002956012 -0.757432215 0.153559602 0.006685656 0.988116770 76.408119555
0.986090567 0.023495697 -0.164539802 -82.138640786 -0.023336437 0.999723459 0.002901179 -0.765245404 0.164562465 0.000978947 0.986366178 77.148507313
0.984068650 0.024774524 -0.176054294 -82.305403350 -0.023312107 0.999674448 0.010370355 -0.770724495 0.176253900 -0.006100944 0.984325831 77.884675075
0.981988540 0.025530243 -0.187207677 -82.476110178 -0.023366340 0.999632315 0.013756795 -0.782514399 0.187490058 -0.009134656 0.982224026 78.617575315
0.979704123 0.029252450 -0.198303116 -82.665880556 -0.028029373 0.999566830 0.008972558 -0.793309311 0.198479686 -0.003232140 0.980099672 79.338854854
0.977264524 0.029346105 -0.209982991 -82.858182436 -0.029956967 0.999551152 0.000271697 -0.806457734 0.209896714 0.006024934 0.977705001 80.048683181
0.974585661 0.027212866 -0.222356133 -83.043538826 -0.029027458 0.999566624 -0.004896070 -0.808516195 0.222126533 0.011226073 0.974953219 80.749109945
0.971843246 0.025408881 -0.234254338 -83.245112571 -0.026183858 0.999657124 -0.000198230 -0.811775272 0.234168981 0.006326331 0.972175327 81.464499834
0.969217822 0.026452156 -0.244779691 -83.470641833 -0.025565528 0.999650025 0.006799312 -0.821820105 0.244873881 -0.000332093 0.969554884 82.178641574
0.966200012 0.026456497 -0.256432430 -83.696775332 -0.024203178 0.999635757 0.011939790 -0.831783712 0.256654911 -0.005329745 0.966488412 82.897180088
0.963004782 0.024336655 -0.268383153 -83.935601006 -0.022339458 0.999695373 0.010493341 -0.843312121 0.268556769 -0.004109603 0.963255092 83.610965409
0.959937942 0.022233075 -0.279329263 -84.179508095 -0.021471164 0.999752717 0.005787409 -0.845297093 0.279388861 0.000441970 0.960177936 84.316838187
0.957392362 0.018937922 -0.288168735 -84.410447963 -0.020046780 0.999798641 -0.000897133 -0.861348229 0.288093720 0.006635763 0.957579227 85.007564524
0.955117604 0.014931614 -0.295850315 -84.651789959 -0.017751688 0.999818974 -0.006848190 -0.870773286 0.295694504 0.011792669 0.955209764 85.710405754
0.952981639 0.014952498 -0.302658914 -84.911385634 -0.018496441 0.999789790 -0.008846308 -0.883865155 0.302463018 0.014028481 0.953057881 86.415837414
0.950393683 0.020541208 -0.310370595 -85.181569827 -0.024529336 0.999659032 -0.008951628 -0.900381340 0.310080892 0.016120755 0.950573491 87.120218495
0.947898321 0.020324169 -0.317924048 -85.453108381 -0.023736997 0.999694672 -0.006864206 -0.916889465 0.317687468 0.014053131 0.948091336 87.827489016
0.945332442 0.020829328 -0.325442336 -85.721566117 -0.022160236 0.999754359 -0.000382795 -0.926346241 0.325354420 0.007573748 0.945561812 88.529381300
0.942984920 0.022061016 -0.332103527 -85.979405375 -0.020567690 0.999756364 0.008011418 -0.938039075 0.332199355 -0.000724044 0.943208919 89.225793757
0.940716867 0.031895721 -0.337689857 -86.270914540 -0.028540139 0.999481617 0.014898274 -0.950296305 0.337989995 -0.004377342 0.941139523 89.927272522
0.938366842 0.039192185 -0.343411769 -86.558420588 -0.037239171 0.999230893 0.012282742 -0.960878483 0.343629036 0.001262652 0.939104622 90.613989273
0.936486895 0.036062180 -0.348843539 -86.844775919 -0.036870405 0.999310697 0.004324779 -0.961643858 0.348759041 0.008811904 0.937170999 91.300525208
0.935053521 0.028659492 -0.353346214 -87.144762727 -0.031818988 0.999488732 -0.003134652 -0.969803772 0.353075722 0.014174186 0.935487374 92.005509481
0.933903873 0.029553373 -0.356300652 -87.452318248 -0.033108571 0.999444221 -0.003882324 -0.977555157 0.355987891 0.015422323 0.934363298 92.704511778
0.932039692 0.035145607 -0.360647750 -87.758992490 -0.037261268 0.999304966 0.001087484 -0.987326841 0.360435308 0.012424614 0.932701462 93.403984784
0.929842505 0.037411204 -0.366050978 -88.067362626 -0.037831757 0.999265948 0.006026939 -1.006094578 0.366007752 0.008244248 0.930575283 94.117717974
0.927893803 0.033620744 -0.371325646 -88.366526391 -0.034637587 0.999392201 0.003932686 -1.022082454 0.371232175 0.009212710 0.928494372 94.816691311
0.926151000 0.032176768 -0.375777834 -88.690007801 -0.035668980 0.999360924 -0.002338235 -1.033259186 0.375462446 0.015569171 0.926706832 95.514630958
